wall 4.5 4.5 0
000000000000000000000000000000000000000000000
000000000000000000400000000000000000000000000
000000000000000000000000000000000000000000000
000000000000000000000000000000000000000000000
000000000000000300000000000000000000000000000
000000000000000000000000000000000000000000000
000000030000000000000000000000000000000000000
000000000000000000000000000000000000000000000
000000000000000000000000000000000000000000000
000000000000000000000000000000000000000000000
000000000000000000300000000000000000000000000
000000000030000000000000000000000000000000000
000000000000000000000000000000000000000000000
000000000000000000000000000000000000000000000
000000000000000000000000000000000000000000000
000030000000000000000000000000000000000000000
000000000000000000000000000000000000000000000
000000000000000030000000000000000000000000000
000000000000000000000000000000000000000000000
000000000000000000000000000000000000000000000
000000000000000000000000000000000000000000000
000030000000000000000000000000000000000000000
000000000000000000000000000000000000000000000
000000000000000000000000000000000000000000000
000000000000000000000000000000000000000000000
000000000000000300000000000000000000000000000
000000000000000000000000000000000000000000000
000000000000000000000000000000000000000000000
000030000000000000000000000000000000000000000
000000000000000000000000000000000000000000000
000000000000000000003000000000000000000000000
000000000000000000000000000000000000000000000
000000000000000000000000000000000000000000000
000000100000000000000000000000000000000000000
000000000000000000000000000000000000000000000
000000000000000001000000000000000000000000000
000000000000000000000000000000000000000000000
000000000000000000000000000000000000000000000
000000000000000000000000000000000000000000000
000000000000000000000000000000000000000000000
000000000200000000000000000000000000000000000
000000000000000000000000000000000000000000000
000000000000000200000000000000000000000000000
000000000000000000000000000000000000000000000
000000000000000000000000000000000000000000000
