wall 4.5 4.5 0
000000000000000000040000000000000000000000000
000000000000000000000000000000000000000000000
000000000000000000000030000000000000000000000
000000000000000300000000000000000000000000000
000000000000000000000000000000000000000000000
000000000000003000000000000000000000000000000
000000000000000000000003000000000000000000000
000000000000000000000300000000000000000000000
000000000000000000000000000000000000000000000
000000000000030000000000000000000000000000000
000000000000000000000000000000000000000000000
000000000000000000000000300000000000000000000
000000000000000000000000000000000000000000000
000000000000000000000000000000000000000000000
000000000000030000000000000000000000000000000
000000000000000000000000000000000000000000000
000000000000000000000000030000000000000000000
000000000000000000000000000000000000000000000
000000000000000000000000000000000000000000000
000000000000000000000000000000000000000000000
000000000000003000000000000000000000000000000
000000000000000000000000000000000000000000000
000000000000000000000000000000000000000000000
000000000000000000000003000000000000000000000
000000000000000000000000000000000000000000000
000000000000003000000000000000000000000000000
000000000000000000000000000000000000000000000
000000000000000000000000000000000000000000000
000000000000000000000300000000000000000000000
000000000000000000000000000000000000000000000
000000000000000000000000000000000000000000000
000000000000003000000000000000000000000000000
000000000000000000000000000000000000000000000
000000000000000000000003000000000000000000000
000000000000000000000000000000000000000000000
000000000000000000000000000000000000000000000
000000000000000000000000000000000000000000000
000000000000010000000000000000000000000000000
000000000000000000000000100000000000000000000
000000000000000000000000000000000000000000000
000000000000000000000000000000000000000000000
000000000000003000000000000000000000000000000
000000000000000000000000000000000000000000000
000000000000000000000000000000000000000000000
000000000000000020000002000000000000000000000
