wall 10 10 0
0000000000000000000000000000000000000000000000000000000000000000000000000000000000000000000000000000
0000000000000000000000000000000000000000000004000000000000000000000300000000000000000000000000000000
0000000000000000000000000000000000000030000000000000000000000000000000000000000000000000000000000000
0000000000000000000000000000000000000000000000000000000000000000000000000000000000000000000000000000
0000000000000000000000000000000000000000000000000000000000000000000000000000000000000000000000000000
0000000000003000000000000000000000000000000000000000000000000000000000000000000000300000000000000000
0000000000000000000000000000000000000000000000000000000000000000000000000000000000000000000000000000
0000000000000000000000000000000000030000000000000000000000030000000000000000000000000000000000000000
0000000000000000000000000000000000000000000000000000000000000000000000000000000000000000000000300000
0000000000000000000000000000000000000000000000000000000000000000000000000000000000000000000000000000
0000000030000000000000000000000000000000000000000000000000000000000000030000000000000000000000000000
0000000000000000000000000000000000000000000000000000000000000000000000000000000000000000000000000000
0000000000000000000000000300000000000030000000000000000000000000000000000000000000000000000000000000
0000000000000000000000000000000000000000000000000000000000000000000000000000000000000000300000000000
0000000000000000000000000000000000000000000000000003000000000000000000000000000000000000000000000000
0000000000000030000000000000000000000000000000000000000000000000000000000000000000300000000000000000
0000000000000000000000000000000000000000000000000000000000000030000000000000000000000000000000000000
0000000000000000000000000000000000000000000000000000000000000000000000000000000000000000000000000000
0000000000000000000000000000000000000000000000000000000000000000000000000000000000000000000000000000
0000000000000000000000000000000000000000000000000000000000000000000000000000000300000000000000000000
0000000000000000000000000000000030000000000000000000000000000003000000000000000000000000000000000000
0000000000000000000000000000000000000000000000000000000000000000000000000000000000000000000000000000
0000000000000000300000000000000000000000000000000000000000000000000000000000000000000003000000000000
0000000000000000000000000000000000000000000000000000000000000000000000003000000000000000000000000000
0000000000000000000000000000000000000000000300000000000000000000000000000000000000000000000000000030
0000000000000000000000000000000000000000000000000000000000000000000000000000000000000000000000000000
0000000000300000000000000000000000000000000000000000000000300000000000000000000000000000000000000000
0000000000000000000000000030000000000000000000000000000000000000000000000000000000000000000000000000
0000000000000000000000000000000000000000000000000000000000000000000000000000000000000300000000000000
0000000000000000000000000000000000000000000000000000000000000000000000000030000000000000000000000000
0000000300000000000000000000000000000000000000000000000000000000000000000000000000000000000000000000
0000000000000000000000000000000000000000000000000000300000000300000000000000000000000000000000000000
0000000000000000000000000000000000000000000000000000000000000000000000000000000000000000000000000000
0000000000000000000000000000000000000000000000000000000000000000000000000000000000000000000000000000
0000000000000000000000000000000000000000000000000000000000000000000000000000000000000000000000000000
0000000000000000000000300000000000000000300000000000000000000000000000000000000300000000000000000000
0000000000000000000003000000000000000000000000000000000000000000000000000000000000000000000000000000
0000030000000000000000000000000000000000000000000000000000000000000000000000000000000000000300000000
0000000000000000000000000000000000000000000000000000000000003000000000000000000000000000000000000000
0000000000000000000000000000000000000000000000000000000000000000000000000000000000000000000000000000
0000000000000000000000000000000000003000000000000000000000000000000000300000000000000000000000000000
0000000003000000000000000000000000000000000000000000000000000000000000000000000000000000000000000000
0000000000000000000000000000000000000000000000000000000000000000000000000000000000000000000000000000
0000000000000000000000000000000000000000000000000000000000000000000000000000000000000000000000000000
0000000000000000000000000000000000000000000000000000000000000000000000000000000000000000000000000000
0000000000000000000000000000000000000000000000000300000000000000000000000000000000000000000000000000
0000000000000000000300000000000000000000000000000000000000000030000000000000000030000000000000000000
0000030000000000000000000000000000000000000000000000000000000000000000000000000000000000000000000000
0000000000000000000000000000000000000000000000000000000000000000000000000000000000000000000000000000
0000000000000000000000000000000000000000000000000000000000000000000000030000000000000000000000000000
0000000000000000000000000000000000003000000000000000000000000000000000000000000000000000000000000000
0000000000000000000000000300000000000000000000000000000000003000000000000000000000000000000000000000
0000000000000000000000000000000000000000000000000000000000000000000000000000000000030000000000000000
0000000000000000000000000000000000000000003000000000000000000000000000000000000000000000000000000000
0000000000030000000000000000000000000000000000000000000000000000000000000000000000000000000000000000
0000000000000000000000000000000000000000000000000000000000000000000000030000000000000000000000000000
0000000000000000000000000000000000000000000000000000000000000000000000000000000000000000000030000000
3000000000000000000000000000000000000000000000000000000000030000000000000000000000000000000000000000
0000000000000000000000000000000000000030000000000000000000000000000000000000000000000000000000000000
0000000000030000000000000000000000000000000000000000000000000000000000000000000000000300000000000000
0000000000000000000000000030000000000000000000000000000000000000000000000000000000000000000000000000
0000000000000000000000000000000000000000000000000000000000000000000000000000000000000000000000000000
0000000000000000000000000000000000000000000000000000000000003000000000000000000000000000000000000000
0000000000000000000000030000000000000000000000000000000000000000000000000000003000000000000000000000
0000000000000000000000000000000000000000000000000000000000000000000000000000000000000000000000000000
3000000000000000000000000000000000000000000003000000000000000000000000000000000000000000000000000000
0000000000000000000000000000000000000000000000000000000000000000000000000000000000000000000000000000
0000000000000000000000000000000000000000000000000000000000000000000000000000000000000000000000000000
0000000000000003000000000000000000000000000000000000000000000000000000000000000000000000000000000000
0000000000000000000000000000000000000000000000000000000000000030000000030000000000000000000000000000
0000000000000000000000000000000000000000000000000000000000000000000000000000000000000000000000000000
0000000000000000000000000000000300000000000000000000000000000000000000000000000000000000030000000000
0000000000000000000000000000000000000000000000000000000000000000000000000000000000000000000000000000
0000000000000000000000000000000000000000000000300000000000000000000000000000000000000000000000000000
0000000000000000000000000000000000000000000000000000000000000000000000000000000000000000000000000000
0000000000000030000000000000000000000000000000000000000000000000000000000000000000000000000000000000
0000000000000000000000000000000000000003000000000000000000000000000000000000000000030000000000000000
0000000030000000000000000000000000000000000000000000000000000000000000000000000000000000000000000000
0000000000000000000000000000000000000000000000000000000000000000000000000000000000000000000000000000
0000000000000000000000000300000000000000000000000000000000000000000000000000000000000000000000000000
0000000000000000000000000000000000000000000000000000300000000000030000000000000000000000000000000000
0000000000000000000000000000000000300000000000000000000000000000000000000000000000000000000000000000
0000000000000000000000000000000000000000000000000000000000000000000000000000000000000000000000000000
0000000000000000000000000000000000000000000000000000000000000000000000000000000000003000000000000000
0000000000000000000000000000003000000000000000300000000000000000000000000000000000000000000000000000
0000000030000000003000000000000000000003000000000000000000000000000000000000000000000000000000000000
0000000000000000000000000000000000000000000000003000000000000000000000000000000000000000000000000000
0000000000000000000000000030000000000000000000000000030000000000000000000000000000000000000000000000
0000000000000000000000000000000000300000000000000000000000000000000000000000000000000000000000000000
0000000000300000000000000000000000000000000003000000000000000000000000000030000000000000000000000000
0000000000000000000000000000000000000030000000000000000000003000000000000000000000000000000000000000
0000000000000000000300000000000300000000000000000000000000000000000000000000000000000000000000000000
0000000000000000000000000300000000000000000000000300000000000000000000000000000000000000000030000000
0000000000000000000000000000000000000000000000000000000000300000000000000000000000000000000000000000
0000000000000000000000000000000000000100000001000000000000000000000000000000000000003000000000000000
0000000000000300000000000000000000000000000000000000000000000000000000000000000000000000000000000000
0000000000000000000000000000000000000000030000000030000000000000000000000000000000000000000000030000
0000000000300000000000000030000000000000000000000000000000000000300000000000000000000000300000000000
0000000000000000000000000000000300000002000000000000030000000000000000000000000000000000000000000000
0000000000000000000000000000000000000000000200000000000000000000000000000000000000000000000000000000
